;============================
; Global damping weights
;----------------------------
DAMP_LOOP
;----------------------------
5
100 200 300 400 500
0   0   0   0   0
1500 1500 1500 1500 1500
0   0   0   0   0
;============================



;============================
RDAMP_DEPTH
;----------------------------
1.000 1.000 1.000 1.000 2.000 
1.000 1.000 1.000 1.000 2.000 
1.000 1.000 1.000 1.000 2.000 
1.000 1.000 1.000 1.000 2.000 
1.000 1.000 1.000 1.000 2.000 
1.000 1.000 1.000 1.000 2.000 
1.000 1.000 1.000 1.000 2.000 
1.000 1.000 1.000 1.000 2.000 
1.000 1.000 1.000 1.000 2.000 
1.000 1.000 1.000 1.000 2.000 
1.000 1.000 1.000 1.000 2.000 
1.000 1.000 1.000 1.000 2.000 
1.000 1.000 1.000 1.000 2.000 
1.000 1.000 1.000 1.000 2.000 
1.000 1.000 1.000 1.000 2.000 
1.000 1.000 1.000 1.000 2.000 
1.000 1.000 1.000 1.000 2.000 
1.000 1.000 1.000 1.000 2.000 
1.000 1.000 1.000 1.000 2.000 
1.000 1.000 1.000 1.000 2.000 
1.000 1.000 1.000 1.000 2.000 
;============================



;============================
DDAMP_DEPTH
;----------------------------
1.000 1.000 
1.000 1.000 
1.000 1.000 
1.000 1.000 
1.000 1.000 
1.000 1.000 
1.000 1.000 
1.000 1.000 
1.000 1.000 
1.000 1.000 
1.000 1.000 
1.000 1.000 
1.000 1.000 
1.000 1.000 
1.000 1.000 
1.000 1.000 
1.000 1.000 
1.000 1.000 
1.000 1.000 
1.000 1.000 
1.000 1.000 
;============================



;============================
NDAMP_DEPTH
;----------------------------
1.000 1.000 1.000 1.000
1.000 1.000 1.000 1.000
1.000 1.000 1.000 1.000
1.000 1.000 1.000 1.000
1.000 1.000 1.000 1.000
1.000 1.000 1.000 1.000
1.000 1.000 1.000 1.000
1.000 1.000 1.000 1.000
1.000 1.000 1.000 1.000
1.000 1.000 1.000 1.000
1.000 1.000 1.000 1.000
1.000 1.000 1.000 1.000
1.000 1.000 1.000 1.000
1.000 1.000 1.000 1.000
1.000 1.000 1.000 1.000
1.000 1.000 1.000 1.000
1.000 1.000 1.000 1.000
1.000 1.000 1.000 1.000
1.000 1.000 1.000 1.000
1.000 1.000 1.000 1.000
1.000 1.000 1.000 1.000
;============================



;================================
SCALING_COEFFS
;--------------------------------
1.5863277e+00 1.5863277e+00 1.000
1.6112061e+00 1.6112061e+00 1.000
1.6308121e+00 1.6308121e+00 1.000
1.6492829e+00 1.6492829e+00 1.000
1.6651498e+00 1.6651498e+00 1.000
1.6786144e+00 1.6786144e+00 1.000
1.6945372e+00 1.6945372e+00 1.000
1.6960310e+00 1.6960310e+00 1.000
1.7544336e+00 1.7544336e+00 1.000
1.7725995e+00 1.7725995e+00 1.000
1.7652031e+00 1.7652031e+00 1.000
1.7213927e+00 1.7213927e+00 1.000
1.7155918e+00 1.7155918e+00 1.000
1.7016334e+00 1.7016334e+00 1.000
1.7500605e+00 1.7500605e+00 1.000
1.7697177e+00 1.7697177e+00 1.000
1.7945746e+00 1.7945746e+00 1.000
1.8224579e+00 1.8224579e+00 1.000
1.8509533e+00 1.8509533e+00 1.000
1.8795137e+00 1.8795137e+00 1.000
1.9079269e+00 1.9079269e+00 1.000
;================================



;================================
LAYER_BOTTOMS
;--------------------------------
50.000
70.000
100.000
140.000
190.000
250.000
320.000
410.000
520.000
660.000
830.000
1050.000
1300.000
1550.000
1800.000
2050.000
2300.000
2550.000
2700.000
2800.000
2891.000
;================================